2087669264   1223166464
-1414826   1818100934
-352759225   -888721992
597220134   -1035481288
185259365   -1800894408
-1051264804   -1257660622
-372366248   -1185288390
1080104714   -1305683534
-422760735   -1227407785
-635331118   -1391590200
-1114408806   -1254650439
310840199   1225473897
-1970301382   -1540710379
1357184403   159507074
-281494760   1238023127
207774618   -1680040112
381754093   -1625922658
712327391   1110748910
568730589   -1083661846
-351363098   -1306663121
1778111672   578673683
52403291   -1134638931
-1721715844   -285319044
1833609010   1959975458
240920606   2103911432
-2145228529   -1765350155
-1522450551   -474193203
596240103   -1627134184
1808538342   -788981753
-1847603994   -1296642544
-229601506   -2031517361
400098195   1722830676
-1011566436   1095639308
1301082929   -430345765
-610629801   1695020073
2121800040   -1167155984
-691566833   -253374712
2069878052   2119974984
-1257609258   -1766451786
441224381   2100652373
-1177417007   -843103393
-729968040   1441651164
-1314777281   -84609789
-2104726900   520516549
1254972347   1315335017
1378572616   -713814479
2006876093   1002354772
21321971   1316358098
-342111898   -58848524
-570171436   429075062
-1390740612   -1994993761
1419843507   1145615331
-1540976718   294688448
691235776   1566611434
-939142867   -1845627121
923373748   1470189494
-1848796349   2050088706
1862036278   -2082813340
880263301   99879298
881752191   511267544
-1772397057   1253804514
1829150016   1174437582
1958780605   -722361588
-30507326   1532853039
-1930513519   271474173
-365245873   471943589
918225683   1996723058
501616336   1588118385
-410200599   1862425827
-1154675529   1916892539
2050556744   -1074650960
-1465540578   1320659370
2085446074   821013914
1364699440   413872502
-862191583   647895412
1301386951   -3291718
1968335611   972707609
-2002225321   721883086
1307148775   -218253408
-332549111   -1582845995
-889282201   -599078194
-1792878038   -644492206
-1410390810   2028163787
-1386867002   -1913440511
1813742845   -1449312487
-1466414960   -1721396508
-2142792207   1626858177
1965542404   -265820261
1004644992   810670542
649684431   1100750328
-2041405732   76763647
1715138414   -730209838
1511329783   157788855
67217940   -2060401383
-294501631   207396920
416308176   1759576107
-1113095890   1005352464
977246959   162489189
-1407259716   -723790638
450161566   -529641989
