981.0465387360694   -2097.629610993577
-2050.9525124915262   109.88535217312192
-753.0632750858839   -463.4500770841528
371.795221422382   1384.4850863202971
167.6914906254877   1153.4091024157497
-1263.0319099691956   -518.676665978217
-680.2332762202   263.55743477204254
-404.22706120815036   -87.01797750885797
29.59248430939493   177.46440395779481
1047.2066357460465   271.50135700931475
-485.30051151489675   2073.0440595092205
-445.4528977600809   -1479.4752888128105
-954.2127429454928   369.01636272859463
-687.5206335119904   -497.58785273961854
-711.0207280661623   700.0606589013111
-425.9673026750663   -26.57723891091928
-1471.5993622513552   -616.9982026374698
-132.1542958819679   1063.570487439477
1781.6656240005755   -1817.0653694644163
824.9449680781227   793.001025435015
2367.0159736077967   -299.8277029691347
-1004.3983719221243   768.8879282163558
-98.19595698164598   -530.0399305856222
666.8098443936624   -620.6757794347639
-188.61531460915592   166.72766010051183
1262.2918861833361   -1241.4838863077155
-113.53317874288571   380.46874644732213
915.6965551909489   1041.0586683040406
522.0335617278256   1667.4708322795364
-700.3414687594419   3.673414918449323
-102.92397650250378   783.7102218361541
3132.7580510407906   1131.392950556206
1102.1627249290414   -536.4506304478655
-1352.3967888532618   697.8035690793853
-1768.210570689255   -30.682494822728902
30.44430781578967   -859.6915393869391
-289.17336486171484   682.84901106086
-801.6811075476971   1432.4318108160355
258.0298803109641   1115.336165385614
2332.918219763191   1855.7800275015159
-95.41055003524293   -98.74187491519903
-1225.4644745864193   -468.7636224045979
285.3939767569479   -207.50688409017988
-729.357287291525   465.44511981299325
-346.7344418355471   210.73479803087542
289.67213656709293   1271.104821225867
-815.0470123870626   1657.0194659377087
-582.3306483200289   341.97747538712883
-1012.795065460425   804.2852662681411
-11.450383727417911   250.4007331310636
161.79301759835667   -1950.9708271410414
1228.8341308341646   -495.29903811058387
535.5262746986064   -1383.5365666043613
-124.94852833244067   1527.712009965105
-2020.8052643746628   10.334407489265342
-1518.515495341347   270.6940257227916
593.8701131231261   491.7345736111011
-440.7658260392374   -461.79663712772793
327.39754535220766   1676.7113968548767
701.8132025928568   -1897.4681780799958
3.251356472694198   641.39121897062
-49.39879578529498   -448.1373634412009
-2259.300938739497   -57.866031817612274
-1012.9205683156799   39.462656899321935
-398.26302270645846   315.6201833973599
2856.773972374294   125.94594112896112
-231.14941326821807   444.092021489893
-158.87834594815934   -116.6140514485088
261.09364191925323   720.7335135130623
680.497106259141   1158.4537795003591
-285.5448569600452   1359.2583197428135
-483.25865020619983   -112.63118350197168
992.466622103846   -32.35338903477222
81.64769377450496   -219.9379203842609
912.2668329904793   -748.9205308266323
-494.5415696243233   -1182.8673724135003
1161.0256719524987   626.7094091232086
453.65952316050743   -1103.1395576276357
677.7783760246724   -1657.3221382465308
-21.952730096493976   -339.5020922178248
-3382.4590258963885   419.49734687176186
497.7294608315433   -819.2751634123982
-901.6983394493045   -856.6161262506266
339.7715377629519   -574.2839089584247
-1370.2073265884035   398.58696927312843
310.65752325109696   33.614402653701895
388.5327870640756   983.1046844474926
-929.3641567726689   806.082923152914
850.6850780487132   -640.571631207811
219.56688937579182   1723.6813224371556
-1182.688857362321   2.9246630632614754
857.0868905890242   345.1929547854494
-46.223842653038034   -426.56052153675626
1082.9018507443634   -1300.4064861663562
-1676.6995247536256   -943.2370900551874
79.9375680388886   -30.136309861330403
1092.2954390821753   285.2897010460988
-559.0272431254418   -348.847856031425
-1046.8329547031162   -595.3444922013457
1344.3383115788993   1566.6482544758437
